id,predict_0,predict_1,predict_2
2,0.904,0.096,0
3,0.418,0.566,0.016
4,0.952,0.042,0.006
7,0.384,0.542,0.074
9,0.058,0.318,0.624
10,0.972,0.026,0.002
11,0.736,0.264,0
12,0.794,0.206,0
14,0.374,0.622,0.004
15,0.882,0.118,0
16,0.288,0.682,0.03
17,0.574,0.422,0.004
18,0.962,0.038,0
21,0.17,0.692,0.138
22,0.758,0.242,0
25,0.466,0.534,0
30,0.884,0.116,0
32,0.436,0.564,0
34,0.372,0.25,0.378
35,0.138,0.858,0.004
36,0.612,0.388,0
37,0.898,0.102,0
39,0.928,0.044,0.028
40,0.54,0.21,0.25
41,0.888,0.112,0
42,0.144,0.856,0
45,0.098,0.634,0.268
46,0.908,0.092,0
47,0.878,0.112,0.01
48,0.036,0.324,0.64
50,0.334,0.448,0.218
51,0.166,0.8,0.034
52,0.974,0.026,0
56,0.57,0.428,0.002
58,0.41,0.56,0.03
62,0.952,0.048,0
63,0.932,0.068,0
65,0.928,0.044,0.028
66,0.012,0.554,0.434
70,0.028,0.354,0.618
71,0.954,0.036,0.01
72,0.306,0.524,0.17
73,0.994,0.006,0
74,0.664,0.336,0
76,0.842,0.158,0
77,0.87,0.114,0.016
78,0.386,0.332,0.282
82,0.14,0.848,0.012
85,0.018,0.3,0.682
86,0.92,0.08,0
87,0.812,0.17,0.018
95,0.982,0.018,0
96,0.274,0.024,0.702
97,0.78,0.056,0.164
98,0.94,0.06,0
100,0.908,0.032,0.06
101,0.882,0.118,0
102,0.888,0.112,0
103,0.41,0.558,0.032
106,0.65,0.08,0.27
108,0.148,0.852,0
109,0.874,0.126,0
110,0.748,0.246,0.006
113,0.112,0.442,0.446
114,0.852,0.148,0
116,0.678,0.164,0.158
117,0.608,0.338,0.054
118,0.484,0.488,0.028
121,0.83,0.136,0.034
122,0.976,0.018,0.006
123,0.794,0.16,0.046
124,0.958,0.042,0
126,0.178,0.822,0
127,0.588,0.412,0
128,0.816,0.126,0.058
133,0.6,0.378,0.022
136,0.252,0.394,0.354
137,0.748,0.252,0
140,0.644,0.356,0
141,0.168,0.83,0.002
143,0.692,0.292,0.016
144,0.996,0.004,0
145,0.02,0.12,0.86
147,0.958,0.008,0.034
148,0.356,0.636,0.008
150,0.464,0.526,0.01
151,0.848,0.12,0.032
153,0.994,0.006,0
155,0.998,0.002,0
156,0.686,0.314,0
160,0.246,0.752,0.002
163,0.208,0.428,0.364
164,0.768,0.23,0.002
165,0.57,0.394,0.036
166,0.986,0.014,0
167,0.818,0.062,0.12
168,0.818,0.182,0
169,0.876,0.124,0
170,0.088,0.228,0.684
171,0.32,0.68,0
172,0.038,0.106,0.856
173,0.364,0.628,0.008
174,0.206,0.508,0.286
175,0.946,0.052,0.002
176,0.196,0.258,0.546
180,0.89,0.11,0
181,0.024,0.158,0.818
182,0.812,0.18,0.008
185,0.462,0.536,0.002
186,0.91,0.08,0.01
187,0.724,0.096,0.18
189,0.24,0.732,0.028
192,0.252,0.742,0.006
194,0.986,0.012,0.002
195,0.758,0.236,0.006
197,0.988,0.012,0
198,0.742,0.256,0.002
201,0.998,0,0.002
202,0.788,0.2,0.012
203,0.928,0.042,0.03
205,0.892,0.094,0.014
208,0.752,0.21,0.038
209,0.418,0.582,0
210,0.462,0.296,0.242
211,0.722,0.014,0.264
214,0.8,0.17,0.03
215,0.314,0.288,0.398
216,0.456,0.492,0.052
218,0.09,0.896,0.014
219,0.94,0.054,0.006
220,0.296,0.69,0.014
222,0.084,0.66,0.256
224,0.066,0.834,0.1
226,0.844,0.154,0.002
228,0.316,0.648,0.036
229,0.04,0.226,0.734
230,0.616,0.384,0
231,0.858,0.136,0.006
232,0.944,0.056,0
233,0.99,0.01,0
235,0.928,0.072,0
236,0.992,0.008,0
237,0.612,0.196,0.192
241,0.806,0.194,0
244,0.82,0.18,0
245,0.778,0.222,0
246,0.696,0.272,0.032
249,0.588,0.408,0.004
250,0.314,0.484,0.202
252,0.382,0.58,0.038
253,0.032,0.266,0.702
254,0.56,0.112,0.328
255,0.652,0.336,0.012
258,0.912,0.088,0
261,0.178,0.568,0.254
264,0.046,0.17,0.784
267,0.084,0.892,0.024
268,0.404,0.588,0.008
271,0.622,0.332,0.046
273,0.998,0.002,0
276,0.986,0.014,0
277,0.812,0.188,0
278,0.798,0.202,0
280,0.956,0.044,0
281,0.908,0.092,0
282,0.94,0.046,0.014
283,0.558,0.33,0.112
285,0.832,0.162,0.006
286,0.986,0.014,0
287,0.31,0.686,0.004
288,0.894,0.106,0
289,0.992,0.008,0
291,0.056,0.104,0.84
294,0.182,0.426,0.392
298,0.778,0.198,0.024
301,0.88,0.058,0.062
303,0.992,0.008,0
304,0.978,0.022,0
305,0.45,0.546,0.004
307,0.27,0.168,0.562
308,0.54,0.322,0.138
309,0.406,0.232,0.362
310,0.152,0.78,0.068
311,0.632,0.314,0.054
312,0.374,0.498,0.128
314,0.978,0.022,0
316,0.668,0.318,0.014
318,0.934,0.066,0
322,0.724,0.058,0.218
324,0.974,0.022,0.004
325,0.158,0.376,0.466
326,0.816,0.184,0
328,0.634,0.366,0
329,0.234,0.194,0.572
330,0.622,0.378,0
331,0.974,0.026,0
332,1,0,0
333,0.312,0.686,0.002
335,0.738,0.262,0
336,0.674,0.284,0.042
337,0.214,0.784,0.002
340,0.01,0.11,0.88
342,0.008,0.022,0.97
344,0.998,0.002,0
346,0.924,0.076,0
347,0.8,0.196,0.004
349,0.936,0.064,0
351,0.704,0.296,0
352,0.992,0.008,0
353,0.994,0.006,0
354,0.372,0.628,0
356,0.868,0.126,0.006
359,0.37,0.62,0.01
361,0.764,0.236,0
362,0.904,0.096,0
365,0.85,0.144,0.006
366,0.624,0.334,0.042
367,0.228,0.77,0.002
368,0.932,0.068,0
369,0.26,0.74,0
370,0.194,0.806,0
372,0.82,0.16,0.02
374,0.79,0.21,0
375,0.218,0.25,0.532
376,0.08,0.426,0.494
378,0.04,0.828,0.132
380,0.962,0.038,0
382,0.848,0.152,0
383,0.962,0.034,0.004
384,0.386,0.614,0
386,0.26,0.134,0.606
388,0.992,0.008,0
389,0.948,0.01,0.042
390,0.814,0.186,0
393,0.528,0.336,0.136
394,0.436,0.092,0.472
395,0.144,0.404,0.452
396,0.064,0.284,0.652
398,0.586,0.402,0.012
399,0.116,0.792,0.092
401,0.932,0.066,0.002
402,0.906,0.094,0
404,0.996,0.004,0
405,0.992,0.008,0
407,0.622,0.372,0.006
410,0.856,0.144,0
414,0.398,0.576,0.026
416,0.168,0.468,0.364
418,0.996,0.004,0
419,0.926,0.034,0.04
422,0.862,0.138,0
423,0.932,0.05,0.018
425,0.922,0.078,0
426,0.896,0.104,0
427,0.974,0.026,0
428,0.318,0.662,0.02
431,0.702,0.298,0
433,0.482,0.516,0.002
434,0.994,0.006,0
435,0.936,0.064,0
436,0.868,0.132,0
440,0.586,0.414,0
441,0.092,0.188,0.72
442,0.652,0.322,0.026
443,0.906,0.094,0
445,0.218,0.762,0.02
448,0.024,0.092,0.884
451,0.266,0.72,0.014
454,0.924,0.038,0.038
456,0.962,0.038,0
457,0.098,0.09,0.812
458,0.166,0.204,0.63
459,0.96,0.04,0
460,0.132,0.388,0.48
461,0.286,0.42,0.294
463,0.294,0.706,0
464,0.91,0.084,0.006
467,0.848,0.018,0.134
468,0.844,0.156,0
471,0.684,0.078,0.238
473,0.06,0.092,0.848
475,0.828,0.166,0.006
476,0.046,0.172,0.782
478,0.014,0.306,0.68
481,0.294,0.214,0.492
482,0.716,0.284,0
483,0.078,0.922,0
485,0.972,0.028,0
490,0.984,0.016,0
493,0.98,0.02,0
494,0.71,0.194,0.096
508,0.478,0.516,0.006
509,0.956,0.042,0.002
510,0.99,0.006,0.004
511,0.992,0.008,0
512,0.086,0.914,0
513,0.11,0.326,0.564
514,0.74,0.26,0
516,0.926,0.074,0
517,0.282,0.284,0.434
518,0.43,0.564,0.006
520,0.052,0.082,0.866
521,0.796,0.202,0.002
522,0.782,0.182,0.036
523,0.604,0.32,0.076
524,0.884,0.114,0.002
525,0.124,0.872,0.004
526,0.222,0.478,0.3
527,0.96,0.024,0.016
528,0.104,0.544,0.352
529,0.742,0.12,0.138
530,0.28,0.344,0.376
531,0.992,0.008,0
534,0.458,0.54,0.002
535,0.364,0.566,0.07
536,0.984,0.016,0
537,0.088,0.902,0.01
538,0.708,0.268,0.024
539,0.334,0.276,0.39
540,0.984,0.014,0.002
542,0.184,0.814,0.002
545,0.678,0.298,0.024
546,0.262,0.73,0.008
547,0.99,0.01,0
548,0.368,0.632,0
551,0.992,0.008,0
554,0.606,0.37,0.024
556,0.694,0.186,0.12
557,0.674,0.326,0
559,0.986,0.014,0
560,0.99,0.008,0.002
562,0.998,0.002,0
563,0.26,0.138,0.602
564,0.952,0.048,0
565,0.748,0.17,0.082
566,0.212,0.504,0.284
567,0.74,0.046,0.214
568,0.766,0.216,0.018
571,0.228,0.382,0.39
572,0.71,0.29,0
573,0.67,0.33,0
574,0.75,0.25,0
577,0.87,0.128,0.002
578,0.964,0.03,0.006
579,0.996,0.004,0
582,0.008,0.088,0.904
584,0.37,0.6,0.03
586,0.776,0.082,0.142
587,0.458,0.284,0.258
589,0.568,0.32,0.112
590,0.696,0.286,0.018
591,0.994,0.006,0
592,0.174,0.404,0.422
593,0.038,0.95,0.012
595,0.244,0.232,0.524
596,0.622,0.252,0.126
597,0.402,0.598,0
598,0.646,0.354,0
600,0.956,0.044,0
602,0.952,0.034,0.014
606,0.888,0.026,0.086
607,0.414,0.584,0.002
609,0.634,0.366,0
610,0.068,0.882,0.05
611,0.116,0.88,0.004
612,0.178,0.822,0
613,0.886,0.114,0
614,0.78,0.22,0
617,0.796,0.166,0.038
619,0.152,0.736,0.112
620,0.83,0.004,0.166
621,0.57,0.406,0.024
625,0.098,0.562,0.34
627,0.822,0.176,0.002
628,0.84,0.012,0.148
629,0.112,0.784,0.104
631,0.044,0.524,0.432
632,0.452,0.508,0.04
633,0.988,0.012,0
635,0.486,0.376,0.138
639,0.52,0.42,0.06
641,0.472,0.516,0.012
642,0.292,0.7,0.008
643,0.032,0.084,0.884
644,0.796,0.204,0
645,0.684,0.302,0.014
647,0.69,0.23,0.08
648,0.864,0.136,0
649,0.366,0.634,0
650,0.324,0.628,0.048
652,0.316,0.118,0.566
653,0.586,0.398,0.016
654,0.22,0.776,0.004
655,0.466,0.502,0.032
658,0.392,0.404,0.204
659,0.97,0.03,0
661,0.16,0.82,0.02
664,0.07,0.248,0.682
666,0.264,0.736,0
667,1,0,0
668,0.878,0.122,0
669,0.728,0.272,0
670,0.93,0.056,0.014
671,0.992,0.008,0
672,0.91,0.09,0
673,0.034,0.344,0.622
674,0.584,0.416,0
675,0.104,0.316,0.58
676,0.574,0.392,0.034
677,0.312,0.688,0
685,0.638,0.278,0.084
686,0.984,0.016,0
688,1,0,0
689,0.212,0.324,0.464
690,0.178,0.822,0
692,0.936,0.048,0.016
694,0.34,0.64,0.02
695,0.988,0.012,0
696,0.28,0.322,0.398
697,0.18,0.1,0.72
699,0.844,0.114,0.042
700,0.336,0.652,0.012
701,0.442,0.45,0.108
704,0.942,0.054,0.004
705,0.892,0.106,0.002
706,0.456,0.444,0.1
707,0.786,0.214,0
708,0.018,0.406,0.576
709,0.778,0.174,0.048
710,0.018,0.35,0.632
711,0.552,0.394,0.054
712,0.872,0.128,0
713,0.348,0.652,0
717,1,0,0
718,0.714,0.172,0.114
719,0.168,0.348,0.484
723,0.398,0.602,0
724,0.998,0.002,0
725,0.45,0.466,0.084
726,0.484,0.514,0.002
728,0.158,0.83,0.012
729,0.196,0.77,0.034
730,0.792,0.206,0.002
735,0.77,0.23,0
736,0.774,0.196,0.03
737,0.836,0.016,0.148
738,0.614,0.386,0
739,0.972,0.012,0.016
743,0.338,0.312,0.35
744,0.806,0.192,0.002
746,0.524,0.22,0.256
749,0.9,0.1,0
750,0.634,0.136,0.23
751,0.202,0.69,0.108
753,0.912,0.022,0.066
754,0.35,0.65,0
756,0.918,0.082,0
757,0.944,0.054,0.002
758,0.872,0.1,0.028
759,0.458,0.274,0.268
760,0.438,0.536,0.026
761,0.332,0.604,0.064
762,0.398,0.582,0.02
763,0.938,0.062,0
764,0.894,0.102,0.004
765,0.698,0.112,0.19
767,0.992,0.004,0.004
770,0.682,0.232,0.086
771,0.2,0.174,0.626
773,0.524,0.288,0.188
774,0.938,0.062,0
775,0.668,0.148,0.184
776,0.044,0.162,0.794
779,0.972,0.028,0
781,0.992,0.008,0
782,0.324,0.01,0.666
783,0.292,0.704,0.004
785,0.954,0.046,0
786,0.998,0.002,0
790,0.07,0.3,0.63
791,0.81,0.16,0.03
792,0.842,0.158,0
793,0.988,0.012,0
798,0.014,0.61,0.376
799,0.872,0.128,0
800,0.916,0.084,0
801,0.96,0.038,0.002
802,0.884,0.026,0.09
803,0.496,0.47,0.034
804,0.874,0.126,0
805,0.068,0.796,0.136
806,0.45,0.292,0.258
807,0.172,0.466,0.362
808,0.83,0.17,0
814,0.878,0.06,0.062
815,0.954,0.046,0
816,0.266,0.638,0.096
817,0.96,0.032,0.008
819,0.996,0.002,0.002
820,0.976,0.024,0
823,0.494,0.38,0.126
824,0.508,0.492,0
825,0.948,0.048,0.004
826,0.992,0.008,0
828,0.054,0.878,0.068
829,0.962,0.038,0
830,0.998,0.002,0
832,0.7,0.3,0
833,0.052,0.282,0.666
834,0.218,0.628,0.154
835,0.446,0.136,0.418
837,0.954,0.046,0
838,0.97,0.01,0.02
842,1,0,0
844,0.576,0.416,0.008
846,0.028,0.222,0.75
847,0.194,0.762,0.044
848,0.854,0.112,0.034
849,0.946,0.046,0.008
851,0.802,0.198,0
852,0.974,0.026,0
854,0.402,0.414,0.184
857,0.348,0.652,0
860,0.362,0.628,0.01
861,0.228,0.702,0.07
862,0.55,0.12,0.33
863,0.826,0.148,0.026
864,0.992,0.004,0.004
865,0.422,0.56,0.018
867,0.444,0.554,0.002
868,0.996,0.004,0
872,0.09,0.522,0.388
875,0.522,0.31,0.168
876,0.998,0.002,0
877,0.202,0.528,0.27
879,0.98,0.02,0
880,0.932,0.064,0.004
882,0.78,0.22,0
884,0.28,0.684,0.036
887,0.996,0.004,0
889,1,0,0
890,0.158,0.394,0.448
891,0.994,0.006,0
894,0.908,0.038,0.054
895,0.674,0.324,0.002
898,0.992,0.008,0
899,0.99,0.01,0
904,0.628,0.306,0.066
907,0.998,0,0.002
908,0.16,0.26,0.58
910,0.828,0.122,0.05
911,0.684,0.166,0.15
913,0.99,0.01,0
915,0.924,0.074,0.002
916,0.53,0.47,0
919,0.854,0.122,0.024
921,0.906,0.092,0.002
923,0.414,0.586,0
925,0.318,0.682,0
927,0.294,0.688,0.018
930,0.962,0.038,0
931,0.998,0.002,0
932,0.994,0.006,0
933,0.246,0.728,0.026
934,0.53,0.47,0
935,0.034,0.458,0.508
936,0.922,0.078,0
937,0.416,0.426,0.158
939,0.068,0.356,0.576
940,0.946,0.052,0.002
941,0.56,0.43,0.01
942,0.984,0.016,0
944,0.798,0.202,0
945,0.978,0.022,0
947,0.09,0.18,0.73
950,0.98,0.02,0
951,0.506,0.478,0.016
953,0.326,0.674,0
955,0.198,0.802,0
956,0.784,0.17,0.046
960,0.34,0.516,0.144
962,0.988,0.01,0.002
963,0.616,0.338,0.046
964,0.962,0.038,0
965,0.098,0.228,0.674
966,0.992,0.008,0
970,0.258,0.74,0.002
973,0.974,0.026,0
974,0.888,0.102,0.01
976,0.874,0.126,0
977,0.524,0.306,0.17
979,0.968,0.014,0.018
981,0.952,0.046,0.002
982,0.994,0.004,0.002
983,1,0,0
985,0.92,0.076,0.004
986,0.498,0.404,0.098
987,0.576,0.382,0.042
990,0.934,0.066,0
993,0.832,0.162,0.006
994,0.854,0.108,0.038
995,0.936,0.02,0.044
996,0.952,0.048,0
997,0.2,0.726,0.074
1000,0.136,0.846,0.018
1001,0.836,0.162,0.002
1004,0.15,0.846,0.004
1007,0.392,0.552,0.056
1008,0.734,0.264,0.002
1009,0.77,0.228,0.002
1010,0.806,0.186,0.008
1011,0.972,0.028,0
1012,0.908,0.092,0
1013,0.866,0.132,0.002
1016,0.938,0.062,0
1017,0.976,0.024,0
1018,0.084,0.36,0.556
1021,0.998,0.002,0
1023,0.802,0.15,0.048
1024,0.992,0.008,0
1025,0.402,0.58,0.018
1026,0.556,0.4,0.044
1027,0.562,0.438,0
1029,0.99,0.01,0
1032,0.656,0.344,0
1033,0.954,0.046,0
1034,0.278,0.722,0
1036,0.766,0.228,0.006
1037,0.972,0.028,0
1038,0.124,0.876,0
1039,0.662,0.102,0.236
1041,0.906,0.01,0.084
1042,0.764,0.236,0
1043,0.612,0.272,0.116
1045,0.962,0.034,0.004
1049,0.904,0.096,0
1052,0.936,0.058,0.006
1053,0.356,0.63,0.014
1055,0.974,0.024,0.002
1056,0.398,0.56,0.042
1057,0.462,0.502,0.036
1058,0.572,0.428,0
1059,0.766,0.232,0.002
1060,0.654,0.298,0.048
1061,0.008,0.41,0.582
1062,0.466,0.534,0
1063,0.284,0.598,0.118
1066,0.854,0.146,0
1067,1,0,0
1068,0.38,0.618,0.002
1073,0.134,0.032,0.834
1074,0.14,0.86,0
1075,0.584,0.416,0
1076,0.756,0.118,0.126
1078,0.982,0.018,0
1081,0.896,0.104,0
1082,0.57,0.048,0.382
1083,0.994,0.006,0
1084,0.96,0.036,0.004
1088,0.838,0.018,0.144
1089,0.826,0.174,0
1091,0.348,0.638,0.014
1092,0.882,0.114,0.004
1093,0.68,0.32,0
1095,0.726,0.268,0.006
1096,0.444,0.458,0.098
1099,0.584,0.416,0
1100,0.956,0.044,0
1106,0.176,0.496,0.328
1109,0.368,0.626,0.006
1113,0.986,0.012,0.002
1114,0.892,0.108,0
1119,0.938,0.062,0
1121,0.934,0.05,0.016
1122,0.914,0.08,0.006
1123,0.986,0.01,0.004
1124,0.57,0.43,0
1125,0.292,0.476,0.232
1127,0.004,0.976,0.02
1128,0.808,0.192,0
1129,0.974,0.026,0
1130,0.412,0.556,0.032
1133,0.17,0.812,0.018
1135,0.456,0.318,0.226
1138,0.134,0.31,0.556
1139,0.744,0.246,0.01
1140,0.102,0.29,0.608
1141,0.984,0.016,0
1145,0.932,0.066,0.002
1146,0.808,0.144,0.048
1147,0.918,0.082,0
1149,0.58,0.404,0.016
1150,0.96,0.04,0
1151,0.87,0.108,0.022
1153,0.202,0.186,0.612
1155,0.44,0.56,0
1156,0.22,0.772,0.008
1157,0.996,0.004,0
1158,0.516,0.484,0
1160,0.998,0.002,0
1161,0.536,0.382,0.082
1163,0.738,0.246,0.016
1167,1,0,0
1168,0.342,0.658,0
1169,0.454,0.382,0.164
1170,0.028,0.168,0.804
1173,0.88,0.068,0.052
1174,0.236,0.106,0.658
1175,0.702,0.248,0.05
1176,0.778,0.19,0.032
1178,0.676,0.006,0.318
1179,0.994,0.006,0
1180,0.994,0.006,0
1181,0.924,0.076,0
1182,0.274,0.712,0.014
1183,0.994,0.006,0
1185,0.988,0.012,0
1186,0.868,0.132,0
1187,0.994,0.002,0.004
1188,0.96,0.04,0
1189,0.966,0.026,0.008
1190,0.438,0.142,0.42
1191,0.136,0.362,0.502
1192,0.118,0.846,0.036
1195,0.624,0.112,0.264
1198,0.922,0.056,0.022
1199,0.974,0.026,0
1200,0.764,0.21,0.026
1201,0.458,0.274,0.268
1202,0.866,0.134,0
1204,0.916,0.084,0
1206,0.678,0.242,0.08
1208,0.998,0.002,0
1209,0.908,0.042,0.05
1212,0.998,0.002,0
1219,0.42,0.58,0
1220,0.238,0.714,0.048
1221,0.276,0.638,0.086
1224,0.952,0.048,0
1227,0.98,0.02,0
1229,0.76,0.24,0
1230,0.686,0.286,0.028
1231,0.22,0.78,0
1232,0.96,0.04,0
1233,0.224,0.186,0.59
1234,0.232,0.392,0.376
1237,0.802,0.198,0
1238,0.988,0.006,0.006
1240,0.43,0.488,0.082
1243,0.834,0.166,0
1245,0.61,0.366,0.024
1246,0.388,0.42,0.192
1249,0.808,0.19,0.002
1250,0.6,0.4,0
1252,0.316,0.67,0.014
1253,0.11,0.262,0.628
1254,0.894,0.106,0
1256,0.964,0.034,0.002
1259,0.322,0.3,0.378
1260,0.774,0.226,0
1261,0.992,0.008,0
1263,0.902,0.098,0
1267,0.15,0.836,0.014
1268,0.916,0.084,0
1270,0.682,0.318,0
1272,0.7,0.234,0.066
1273,0.988,0.01,0.002
1275,0.548,0.372,0.08
1276,0.958,0.038,0.004
1277,0.042,0.958,0
1278,0.424,0.54,0.036
1279,0.968,0.032,0
1280,0.442,0.328,0.23
1281,0.956,0.044,0
1285,0.84,0.154,0.006
1286,0.892,0.07,0.038
1287,0.66,0.34,0
1288,0.934,0.066,0
1289,0.98,0.02,0
1290,0.998,0.002,0
1291,0.59,0.318,0.092
1292,0.864,0.136,0
1293,0.986,0.014,0
1294,0.178,0.73,0.092
1297,0.566,0.434,0
1298,0.308,0.69,0.002
1300,0.574,0.414,0.012
1301,0.986,0.014,0
1302,0.962,0.038,0
1303,0.2,0.8,0
1304,0.724,0.204,0.072
1305,0.02,0.374,0.606
1306,0.858,0.142,0
1307,0.256,0.368,0.376
1311,0.824,0.176,0
1313,0.47,0.092,0.438
1315,0.258,0.742,0
1316,0.954,0.046,0
1317,0.66,0.114,0.226
1319,0.18,0.82,0
1322,0.718,0.268,0.014
1323,0.338,0.648,0.014
1325,0.942,0.058,0
1326,0.086,0.448,0.466
1327,0.928,0.072,0
1328,0.988,0.012,0
1329,0.086,0.896,0.018
1330,0.498,0.416,0.086
1331,0.1,0.28,0.62
1332,0.612,0.27,0.118
1333,0.998,0.002,0
1334,0.28,0.554,0.166
1335,0.852,0.142,0.006
1336,0.984,0.016,0
1338,0.388,0.33,0.282
1339,0.03,0.184,0.786
1340,0.966,0.034,0
1344,0.086,0.466,0.448
1345,0.082,0.11,0.808
1346,0.266,0.692,0.042
1347,0.836,0.164,0
1348,0.458,0.508,0.034
1350,0.972,0.018,0.01
1353,0.998,0.002,0
1354,0.994,0.006,0
1356,0.962,0.022,0.016
1358,0.696,0.304,0
1359,0.998,0.002,0
1360,0.976,0.024,0
1361,0.954,0.046,0
1362,0.52,0.454,0.026
1363,0.162,0.526,0.312
1364,0.938,0.062,0
1365,0.976,0.024,0
1366,0.382,0.616,0.002
1368,0.022,0.056,0.922
1369,0.722,0.276,0.002
1370,0.384,0.614,0.002
1371,0.122,0.868,0.01
1372,0.302,0.664,0.034
1374,0.996,0.004,0
1375,0.924,0.076,0
1376,0.184,0.578,0.238
1377,0.362,0.636,0.002
1384,0.962,0.036,0.002
1386,0.774,0.194,0.032
1388,0.998,0.002,0
1390,0.652,0.282,0.066
1391,0.898,0.094,0.008
1392,0.98,0.02,0
1393,0.308,0.646,0.046
1394,0.84,0.156,0.004
1396,0.96,0.04,0
1403,1,0,0
1404,0.97,0.03,0
1407,0.944,0.056,0
1408,0.978,0.022,0
1410,0.68,0.32,0
1411,0.988,0.01,0.002
1413,0.918,0.082,0
1414,0.982,0.018,0
1417,0.154,0.102,0.744
1419,0.942,0.058,0
1420,0.246,0.51,0.244
1422,0.998,0.002,0
1426,0.874,0.106,0.02
1427,0.43,0.51,0.06
1429,0.412,0.554,0.034
1431,0.99,0.01,0
1432,0.956,0.044,0
1435,0.754,0.238,0.008
1437,0.022,0.356,0.622
1439,0.994,0.006,0
1440,0.416,0.542,0.042
1442,0.648,0.342,0.01
1443,0.944,0.056,0
1445,0.998,0.002,0
1448,0.372,0.602,0.026
1450,0.994,0.006,0
1452,0.524,0.456,0.02
1453,0.34,0.312,0.348
1454,0.97,0.03,0
1458,0.938,0.042,0.02
1459,0.974,0.026,0
1460,0.998,0.002,0
1461,0.184,0.816,0
1462,0.862,0.138,0
1464,0.296,0.7,0.004
1465,0.078,0.698,0.224
1466,0.732,0.268,0
1467,0.948,0.002,0.05
1468,0.906,0.094,0
1469,0.992,0.008,0
1471,0.756,0.192,0.052
1474,0.11,0.276,0.614
1475,0.674,0.326,0
1477,0.838,0.084,0.078
1480,0.62,0.374,0.006
1481,0.3,0.496,0.204
1483,0.468,0.358,0.174
1484,0.99,0.01,0
1486,0.894,0.106,0
1487,0.442,0.134,0.424
1489,0.918,0.082,0
1491,0.076,0.922,0.002
1493,0.188,0.73,0.082
1494,0.99,0.004,0.006
1496,0.026,0.112,0.862
1497,0.724,0.104,0.172
1498,0.084,0.42,0.496
1502,0.322,0.42,0.258
1505,0.668,0.28,0.052
1506,0.944,0.056,0
1507,0.654,0.214,0.132
1508,0.068,0.072,0.86
1510,0.898,0.102,0
1511,0.134,0.13,0.736
1512,0.91,0.062,0.028
1514,0.884,0.116,0
1515,0.32,0.634,0.046
1516,0.52,0.48,0
1518,0.974,0.026,0
1519,0.858,0.136,0.006
1520,0.994,0.004,0.002
1521,0.738,0.182,0.08
1522,0.216,0.78,0.004
1524,0.45,0.55,0
1525,0.458,0.538,0.004
1526,0.278,0.614,0.108
1531,0.658,0.342,0
1532,0.972,0.028,0
1535,1,0,0
1536,0.804,0.026,0.17
1539,0.522,0.428,0.05
1541,0.48,0.376,0.144
1545,0.398,0.574,0.028
1549,0.954,0.046,0
1550,0.552,0.416,0.032
1551,0.044,0.53,0.426
1552,0.98,0.02,0
1554,0.94,0.06,0
1558,0.8,0.2,0
1559,0.986,0.014,0
1560,0.704,0.288,0.008
1561,0.976,0.024,0
1562,0.836,0.164,0
1563,0.174,0.176,0.65
1564,0.994,0.006,0
1567,0.862,0.138,0
1569,0.318,0.448,0.234
1571,0.454,0.284,0.262
1573,0.058,0.156,0.786
1575,0.926,0.074,0
1580,0.994,0.006,0
1581,0.78,0.212,0.008
1584,0.994,0.006,0
1585,0.974,0.026,0
1588,0.854,0.144,0.002
1589,0.068,0.18,0.752
1590,0.068,0.254,0.678
1591,0.984,0.014,0.002
1592,0.732,0.268,0
1593,0.328,0.642,0.03
1594,0.87,0.13,0
1596,0.14,0.29,0.57
1597,0.936,0.052,0.012
1598,0.32,0.23,0.45
1599,0.286,0.7,0.014
1600,0.086,0.718,0.196
1601,0.214,0.782,0.004
1602,0.682,0.248,0.07
1604,0.032,0.968,0
1605,0.986,0.012,0.002
1606,0.996,0.002,0.002
1607,0.12,0.314,0.566
1608,0.68,0.302,0.018
1609,0.672,0.166,0.162
1610,0.862,0.138,0
1611,0.906,0.092,0.002
1612,0.564,0.436,0
1613,0.77,0.086,0.144
1615,0.176,0.708,0.116
1622,0.908,0.092,0
1623,0.864,0.136,0
1627,0.384,0.616,0
1629,0.98,0.02,0
1630,0.058,0.582,0.36
1631,0.922,0.076,0.002
1633,0.532,0.434,0.034
1634,0.516,0.454,0.03
1635,0.178,0.822,0
1637,0.896,0.104,0
1640,0.994,0.006,0
1641,0.502,0.494,0.004
1642,0.852,0.14,0.008
1643,0.084,0.5,0.416
1647,0.638,0.362,0
1648,0.936,0.062,0.002
1649,0.956,0.044,0
1650,0.304,0.696,0
1651,0.908,0.092,0
1652,0.082,0.234,0.684
1654,0.682,0.318,0
1655,0.996,0.004,0
1660,1,0,0
1661,0.534,0.466,0
1662,0.278,0.7,0.022
1663,0.744,0.238,0.018
1667,0.056,0.464,0.48
1668,0.476,0.152,0.372
1669,0.472,0.528,0
1673,0.934,0.066,0
1676,0.478,0.518,0.004
1677,0.406,0.576,0.018
1679,0.706,0.294,0
1682,0.86,0.14,0
1683,0.828,0.026,0.146
1685,0.058,0.806,0.136
1686,0.804,0.19,0.006
1687,0.966,0.032,0.002
1688,0.16,0.156,0.684
1689,0.32,0.296,0.384
1690,0.922,0.076,0.002
1693,0.78,0.03,0.19
1696,0.972,0.028,0
1698,0.954,0.046,0
1700,0.622,0.378,0
1701,0.954,0.046,0
1703,0.346,0.398,0.256
1705,0.946,0.054,0
1706,0.466,0.514,0.02
1708,0.206,0.794,0
1710,0.938,0.034,0.028
1711,0.49,0.48,0.03
1713,0.616,0.24,0.144
1715,0.058,0.936,0.006
1717,0.284,0.11,0.606
1719,0.984,0.016,0
1720,0.828,0.172,0
1721,0.998,0.002,0
1722,0.376,0.108,0.516
1723,0.996,0.004,0
1725,0.206,0.794,0
1726,0.662,0.068,0.27
1727,0.98,0.02,0
1728,0.18,0.254,0.566
1731,0.416,0.584,0
1733,0.478,0.522,0
1734,0.588,0.412,0
1736,0.954,0.046,0
1737,0.008,0.144,0.848
1738,0.91,0.09,0
1741,0.722,0.276,0.002
1744,0.526,0.468,0.006
1747,0.762,0.234,0.004
1748,0.976,0.024,0
1750,0.828,0.172,0
1753,0.166,0.808,0.026
1755,0.646,0.354,0
1756,0.678,0.27,0.052
1757,0.942,0.054,0.004
1758,0.878,0.12,0.002
1760,0.876,0.122,0.002
1761,0.98,0.012,0.008
1763,0.744,0.244,0.012
1765,0.85,0.116,0.034
1766,0.308,0.684,0.008
1769,0.79,0.04,0.17
1772,0.008,0.454,0.538
1774,0.26,0.672,0.068
1775,0.15,0.752,0.098
1780,0.962,0.038,0
1781,0.192,0.068,0.74
1783,0.398,0.602,0
1784,0.954,0.046,0
1785,0.698,0.302,0
1786,0.804,0.196,0
1788,0.958,0.042,0
1791,0.564,0.384,0.052
1794,0.986,0.002,0.012
1796,0.78,0.068,0.152
1797,0.99,0.01,0
1799,0.826,0.128,0.046
1800,0.776,0.216,0.008
1801,0.496,0.434,0.07
1804,0.714,0.276,0.01
1807,0.868,0.132,0
1808,0.976,0.024,0
1811,0.972,0.028,0
1812,0.65,0.35,0
1815,0.356,0.512,0.132
1818,0.052,0.948,0
1819,0.016,0.412,0.572
1820,0.536,0.176,0.288
1821,0.926,0.074,0
1823,0.778,0.142,0.08
1825,0.674,0.296,0.03
1826,0.272,0.688,0.04
1827,0.966,0.034,0
1830,0.992,0.008,0
1831,0.994,0.006,0
1833,0.962,0.034,0.004
1836,0.94,0.06,0
1837,0.946,0.052,0.002
1838,0.978,0.022,0
1840,0.892,0.108,0
1841,0.938,0.048,0.014
1843,0.99,0.01,0
1844,0.948,0.052,0
1845,0.962,0.034,0.004
1846,0.426,0.574,0
1848,0.75,0.196,0.054
1850,0.336,0.662,0.002
1851,0.94,0.058,0.002
1853,0.942,0.058,0
1857,0.948,0.032,0.02
1859,0.788,0.02,0.192
1860,0.224,0.268,0.508
1862,0.944,0.056,0
1863,0.922,0.016,0.062
1866,0.062,0.886,0.052
1868,0.768,0.226,0.006
1869,1,0,0
1870,0.934,0.008,0.058
1871,0.048,0.244,0.708
1875,0.842,0.106,0.052
1879,0.11,0.302,0.588
1880,0.18,0.586,0.234
1881,0.946,0.052,0.002
1883,0.928,0.072,0
1884,0.55,0.396,0.054
1885,1,0,0
1886,0.43,0.554,0.016
1888,0.99,0.01,0
1889,0.998,0.002,0
1890,0.25,0.75,0
1891,0.886,0.114,0
1893,0.014,0.386,0.6
1894,0.612,0.158,0.23
1895,0.996,0.004,0
1896,0.992,0.008,0
1897,0.918,0.016,0.066
1898,0.974,0.026,0
1900,0.46,0.536,0.004
1901,0.962,0.016,0.022
1903,0.304,0.22,0.476
1905,0.36,0.64,0
1906,0.996,0.004,0
1911,0.882,0.118,0
1912,0.314,0.088,0.598
1913,0.076,0.296,0.628
1917,1,0,0
1918,0.864,0.136,0
1919,0.026,0.33,0.644
1920,0.852,0.14,0.008
1922,0.648,0.352,0
1923,0.71,0.28,0.01
1924,0.394,0.43,0.176
1925,0.902,0.098,0
1926,0.99,0.01,0
1927,0.394,0.444,0.162
1928,0.952,0.048,0
1929,0.744,0.242,0.014
1930,0.04,0.31,0.65
1931,0.576,0.368,0.056
1932,0.052,0.128,0.82
1933,0.75,0.25,0
1934,0.258,0.74,0.002
1935,0.398,0.602,0
1938,1,0,0
1939,0.676,0.282,0.042
1940,0.74,0.2,0.06
1943,0.036,0.876,0.088
1944,0.154,0.2,0.646
1945,0.16,0.266,0.574
1949,0.848,0.152,0
1950,0.262,0.738,0
1951,0.974,0.024,0.002
1953,0.99,0.01,0
1955,0.236,0.746,0.018
1956,0.204,0.796,0
1957,0.258,0.154,0.588
1958,0.82,0.18,0
1960,0.93,0.068,0.002
1961,0.968,0.032,0
1962,0.472,0.292,0.236
1963,0.108,0.878,0.014
1966,0.022,0.75,0.228
1968,0.488,0.472,0.04
1969,0.67,0.134,0.196
1970,0.564,0.326,0.11
1973,0.538,0.458,0.004
1975,0.456,0.542,0.002
1978,0.79,0.192,0.018
1982,0.036,0.23,0.734
1983,0.076,0.828,0.096
1984,0.9,0.088,0.012
1985,0.846,0.154,0
1986,0.97,0.028,0.002
1987,0.566,0.434,0
1989,0.24,0.76,0
1990,0.92,0.074,0.006
1992,0.22,0.78,0
1994,0.522,0.142,0.336
1995,0.964,0.034,0.002
1998,0.254,0.446,0.3
2002,0.99,0.01,0
2003,0.074,0.236,0.69
2004,0.064,0.936,0
2005,0.98,0.014,0.006
2006,0.998,0.002,0
2009,0.99,0.01,0
2011,0.808,0.184,0.008
2013,0.98,0.018,0.002
2014,0.214,0.774,0.012
2016,0.964,0.036,0
2018,0.792,0.208,0
2020,0.904,0.086,0.01
2022,0.994,0.004,0.002
2023,0.432,0.374,0.194
2024,0.052,0.056,0.892
2025,0.316,0.682,0.002
2027,0.822,0.178,0
2029,0.234,0.548,0.218
2031,0.108,0.89,0.002
2032,0.938,0.062,0
2033,0.69,0.138,0.172
2034,0.982,0.012,0.006
2035,0.968,0.032,0
2036,0.05,0.21,0.74
2037,0.218,0.782,0
2039,0.458,0.542,0
2040,0.994,0.006,0
2042,0.068,0.162,0.77
2043,0.146,0.758,0.096
2044,0.934,0.06,0.006
2045,0.784,0.216,0
2046,0.928,0.072,0
2047,0.646,0.35,0.004
2048,0.292,0.706,0.002
2049,0.074,0.882,0.044
2050,0.286,0.602,0.112
2051,0.44,0.56,0
2052,0.582,0.274,0.144
2053,0.922,0.056,0.022
2056,0.992,0.006,0.002
2059,0.874,0.126,0
2060,0.992,0.002,0.006
2061,0.38,0.62,0
2062,0.812,0.176,0.012
2063,0.598,0.37,0.032
2065,0.866,0.134,0
2069,0.986,0.014,0
2071,0.892,0.106,0.002
2072,0.038,0.136,0.826
2073,0.79,0.21,0
2075,0.028,0.14,0.832
2076,0.112,0.43,0.458
2078,0.996,0.004,0
2079,0.554,0.39,0.056
2080,0.118,0.818,0.064
2081,0.906,0.094,0
2083,0.886,0.064,0.05
2084,0.758,0.242,0
2085,0.324,0.576,0.1
2086,0.308,0.32,0.372
2087,0.994,0.006,0
2089,0.486,0.5,0.014
2090,0.98,0.02,0
2091,0.424,0.136,0.44
2093,0.254,0.744,0.002
2094,0.868,0.132,0
2095,0.964,0.02,0.016
2098,0.812,0.188,0
2101,0.924,0.076,0
2102,0.468,0.508,0.024
2104,0.988,0.012,0
2106,0.466,0.358,0.176
2107,0.978,0.022,0
2108,0.792,0.13,0.078
2109,0.988,0.01,0.002
2110,0.786,0.208,0.006
2111,0.906,0.094,0
2112,0.994,0.006,0
2115,0.974,0.02,0.006
2116,0.09,0.646,0.264
2119,0.934,0.066,0
2120,0.994,0.006,0
2121,0.514,0.19,0.296
2122,0.802,0.198,0
2124,0.932,0.068,0
2126,0.836,0.126,0.038
2127,0.938,0.062,0
2128,0.996,0.004,0
2129,0.064,0.936,0
2130,0.354,0.646,0
2131,0.528,0.472,0
2132,0.976,0.024,0
2133,0.92,0.08,0
2140,0.566,0.434,0
2142,0.916,0.014,0.07
2146,0.98,0.02,0
2149,0.044,0.922,0.034
2150,0.64,0.214,0.146
2152,0.998,0.002,0
2153,0.902,0.088,0.01
2154,0.934,0.028,0.038
2156,0.966,0.034,0
2158,0.972,0.016,0.012
2160,0.968,0.032,0
2161,0.998,0.002,0
2162,0.706,0.294,0
2163,0.976,0.024,0
2165,0.18,0.408,0.412
2167,0.994,0.006,0
2168,0.378,0.578,0.044
2171,0.844,0.156,0
2172,0.934,0.066,0
2173,0.738,0.18,0.082
2175,0.844,0.016,0.14
2176,0.12,0.608,0.272
2178,0.932,0.064,0.004
2179,0.42,0.58,0
2181,0.046,0.258,0.696
2182,0.754,0.242,0.004
2185,0.442,0.366,0.192
2188,0.014,0.326,0.66
2189,0.444,0.258,0.298
2191,0.094,0.894,0.012
2193,0.214,0.342,0.444
2194,0.986,0.01,0.004
2195,0.928,0.066,0.006
2196,0.988,0.012,0
2198,0.964,0.036,0
2201,0.784,0.216,0
2202,0.264,0.676,0.06
2203,0.798,0.202,0
2204,0.916,0.084,0
2206,0.148,0.852,0
2207,0.952,0.048,0
2210,0.722,0.122,0.156
2211,0.85,0.134,0.016
2212,0.414,0.536,0.05
2213,0.996,0.002,0.002
2215,0.628,0.372,0
2216,0.988,0.012,0
2218,0.828,0.172,0
2222,0.718,0.012,0.27
2223,0.54,0.388,0.072
2225,0.342,0.652,0.006
2226,0.992,0.004,0.004
2227,0.378,0.23,0.392
2228,0.996,0.004,0
2230,0.372,0.628,0
2231,0.81,0.19,0
2232,0.942,0.058,0
2234,0.65,0.124,0.226
2236,0.068,0.926,0.006
2238,0.8,0.198,0.002
2243,0.302,0.696,0.002
2244,0.294,0.52,0.186
2245,0.996,0.004,0
2246,0.946,0.006,0.048
2247,0.996,0.004,0
2248,0.998,0.002,0
2249,0.44,0.558,0.002
2252,0.95,0.048,0.002
2254,0.02,0.454,0.526
2255,0.96,0.024,0.016
2256,0.956,0.042,0.002
2257,0.194,0.804,0.002
2260,0.256,0.742,0.002
2261,0.97,0.03,0
2262,0.798,0.202,0
2263,0.88,0.112,0.008
2264,0.986,0.014,0
2265,0.16,0.47,0.37
2267,0.782,0.184,0.034
2270,0.618,0.192,0.19
2271,0.062,0.292,0.646
2276,0.938,0.062,0
2278,0.02,0.21,0.77
2279,0.63,0.242,0.128
2280,0.4,0.102,0.498
2283,0.254,0.742,0.004
2286,0.978,0.022,0
2288,0.206,0.794,0
2289,0.644,0.356,0
2291,0.356,0.598,0.046
2293,0.646,0.328,0.026
2294,0.774,0.226,0
2295,0.742,0.122,0.136
2296,0.85,0.148,0.002
2297,0.496,0.498,0.006
2301,0.954,0.046,0
2303,0.104,0.46,0.436
2310,0.942,0.044,0.014
2313,0.996,0.004,0
2315,0.028,0.334,0.638
2316,0.124,0.25,0.626
2317,0.508,0.492,0
2321,0.78,0.138,0.082
2322,0.848,0.04,0.112
2324,0.288,0.692,0.02
2325,0.518,0.358,0.124
2326,0.288,0.712,0
2328,0.232,0.768,0
2329,0.774,0.2,0.026
2330,0.988,0.012,0
2331,0.954,0.02,0.026
2332,0.674,0.298,0.028
2333,1,0,0
2336,0.932,0.068,0
2337,0.598,0.302,0.1
2339,0.966,0.034,0
2343,0.91,0.09,0
2344,0.758,0.102,0.14
2345,0.112,0.888,0
2346,0.192,0.358,0.45
2347,1,0,0
2349,0.332,0.66,0.008
2350,0.992,0.008,0
2351,0.988,0.012,0
2353,0.814,0.182,0.004
2356,0.606,0.192,0.202
2357,0.482,0.518,0
2358,0.52,0.424,0.056
2359,0.688,0.31,0.002
2360,0.192,0.806,0.002
2362,0.526,0.458,0.016
2365,0.944,0.024,0.032
2366,0.492,0.486,0.022
2367,0.874,0.126,0
2369,0.936,0.062,0.002
2371,0.394,0.314,0.292
2373,0.014,0.1,0.886
2374,0.368,0.506,0.126
2376,0.008,0.962,0.03
2378,0.766,0.064,0.17
2379,0.108,0.874,0.018
2384,0.736,0.264,0
2385,0.144,0.832,0.024
2386,0.98,0.02,0
2389,0.964,0.02,0.016
2390,0.832,0.084,0.084
2391,0.914,0.086,0
2393,0.984,0.016,0
2394,0.966,0.034,0
2395,0.99,0.01,0
2399,0.448,0.23,0.322
2400,0.366,0.582,0.052
2401,0.944,0.03,0.026
2403,0.96,0.04,0
2404,0.99,0.01,0
2407,0.526,0.468,0.006
2408,0.936,0.056,0.008
2411,0.742,0.21,0.048
2412,0.824,0.15,0.026
2413,0.116,0.626,0.258
2414,0.346,0.63,0.024
2417,0.92,0.08,0
2418,0.96,0.04,0
2419,0.142,0.824,0.034
2420,0.97,0.03,0
2421,0.984,0.016,0
2422,0.992,0.008,0
2423,0.634,0.366,0
2426,0.56,0.44,0
2427,0.912,0.06,0.028
2428,0.966,0.026,0.008
2429,0.784,0.216,0
2430,0.96,0.038,0.002
2436,0.896,0.104,0
2438,0.952,0.048,0
2441,0.422,0.542,0.036
2442,0.472,0.374,0.154
2443,0.818,0.1,0.082
2446,0.094,0.398,0.508
2447,0.876,0.028,0.096
2448,0.934,0.04,0.026
2451,0.94,0.038,0.022
2453,0.998,0.002,0
2454,0.974,0.014,0.012
2455,0.098,0.9,0.002
2456,0.962,0.038,0
2457,0.068,0.19,0.742
2459,0.784,0.212,0.004
2462,0.996,0.004,0
2463,0.156,0.3,0.544
2467,0.022,0.26,0.718
2468,0.984,0.016,0
2469,0.982,0.018,0
2470,0.942,0.02,0.038
2472,0.094,0.906,0
2473,0.998,0.002,0
2474,0.984,0.016,0
2475,0.868,0.126,0.006
2477,0.992,0.008,0
2478,0.434,0.566,0
2479,0.882,0.118,0
2480,0.414,0.51,0.076
2481,0.116,0.624,0.26
2482,0.954,0.044,0.002
2483,0.994,0.004,0.002
2484,0.12,0.87,0.01
2485,0.57,0.05,0.38
2487,0.024,0.06,0.916
2489,0.898,0.054,0.048
2491,0.972,0.028,0
2492,0.994,0.006,0
2494,0.69,0.224,0.086
2495,0.628,0.372,0
2502,0.07,0.274,0.656
2504,0.72,0.266,0.014
2505,0.09,0.91,0
2507,0.552,0.448,0
2508,0.988,0.012,0
2509,0.956,0.042,0.002
2510,0.99,0.01,0
2511,0.928,0.072,0
2512,0.996,0.004,0
2513,1,0,0
2515,0.434,0.08,0.486
2517,0.234,0.38,0.386
2519,0.07,0.372,0.558
2521,0.982,0.016,0.002
2522,0.95,0.05,0
2523,0.914,0.086,0
2526,0.302,0.216,0.482
2527,0.294,0.698,0.008
2528,0.962,0.038,0
2529,0.794,0.034,0.172
2530,0.814,0.186,0
2532,0.996,0.004,0
2533,0.932,0.068,0
2534,0.61,0.39,0
2536,0.144,0.856,0
2538,0.278,0.702,0.02
2540,0.59,0.278,0.132
2543,0.176,0.426,0.398
2544,0.984,0.016,0
2545,0.812,0.188,0
2547,0.992,0.008,0
2548,0.988,0.01,0.002
2549,0.796,0.204,0
2550,0.892,0.108,0
2551,0.538,0.462,0
2552,0.77,0.02,0.21
2553,0.99,0.01,0
2554,0.248,0.318,0.434
2555,0.96,0.04,0
2556,0.864,0.092,0.044
2558,0.854,0.146,0
2559,0.872,0.128,0
2561,0.32,0.586,0.094
2562,0.31,0.688,0.002
2563,0.084,0.256,0.66
2568,0.62,0.374,0.006
2570,0.796,0.152,0.052
2572,0.7,0.158,0.142
2573,0.866,0.12,0.014
2574,0.94,0.022,0.038
2578,0.88,0.12,0
2579,0.198,0.646,0.156
2582,0.906,0.094,0
2583,0.994,0.006,0
2584,0.004,0.29,0.706
2585,0.984,0.016,0
2586,0.008,0.266,0.726
2587,0.158,0.842,0
2590,0.414,0.54,0.046
2591,0.114,0.842,0.044
2593,0.872,0.058,0.07
2595,0.998,0.002,0
2597,0.926,0.064,0.01
2598,0.088,0.91,0.002
2600,0.962,0.036,0.002
2601,0.542,0.436,0.022
2602,0.444,0.554,0.002
2603,0.578,0.416,0.006
2604,0.952,0.044,0.004
2605,0.424,0.574,0.002
2609,0.504,0.494,0.002
2610,0.124,0.378,0.498
2611,0.692,0.29,0.018
2612,0.284,0.714,0.002
2616,0.946,0.054,0
2617,0.41,0.526,0.064
2619,0.196,0.804,0
2620,0.97,0.03,0
2621,0.394,0.522,0.084
2623,0.714,0.286,0
2625,0.718,0.282,0
2629,0.818,0.182,0
2630,0.91,0.09,0
2632,0.8,0.2,0
2633,0.576,0.402,0.022
2634,0.99,0.01,0
2636,0.032,0.138,0.83
2638,0.776,0.222,0.002
2640,0.998,0.002,0
2643,0.498,0.5,0.002
2645,0.99,0.01,0
2646,0.286,0.502,0.212
2647,0.72,0.262,0.018
2650,0.162,0.834,0.004
2651,0.738,0.256,0.006
2652,0.922,0.068,0.01
2654,0.222,0.028,0.75
2655,0.946,0.054,0
2657,0.762,0.238,0
2658,0.442,0.47,0.088
2659,0.82,0.178,0.002
2661,0.046,0.67,0.284
2664,0.85,0.15,0
2665,0.654,0.346,0
2667,0.8,0.188,0.012
2668,0.812,0.158,0.03
2669,0.336,0.558,0.106
2672,0.594,0.406,0
2673,0.042,0.076,0.882
2676,0.992,0.008,0
2677,0.136,0.176,0.688
2678,0.99,0.01,0
2679,0.094,0.83,0.076
2681,1,0,0
2682,0.584,0.416,0
2683,0.952,0.048,0
2685,0.006,0.984,0.01
2687,0.43,0.326,0.244
2690,0.998,0.002,0
2691,0.104,0.894,0.002
2693,0.682,0.318,0
2694,0.992,0.008,0
2697,0.974,0.026,0
2698,0.174,0.574,0.252
2699,0.74,0.254,0.006
2700,0.996,0.004,0
2701,0.718,0.068,0.214
2702,0.86,0.118,0.022
2704,0.778,0.206,0.016
2705,0.824,0.148,0.028
2706,0.08,0.132,0.788
2709,0.894,0.086,0.02
2710,0.432,0.568,0
2712,0.498,0.48,0.022
2714,0.016,0.092,0.892
2716,0.992,0.008,0
2717,0.548,0.414,0.038
2719,0.79,0.062,0.148
2720,0.024,0.388,0.588
2721,0.184,0.55,0.266
2726,0.452,0.52,0.028
2728,0.564,0.328,0.108
2733,0.998,0.002,0
2737,0.956,0.044,0
2738,0.738,0.26,0.002
2739,0.876,0.124,0
2740,0.146,0.444,0.41
2742,0.93,0.068,0.002
2744,0.238,0.744,0.018
2745,0.058,0.334,0.608
2746,0.986,0.014,0
2747,0.98,0.014,0.006
2750,0.964,0.036,0
2751,0.988,0.012,0
2752,0.044,0.094,0.862
2754,0.722,0.142,0.136
2755,0.986,0.01,0.004
2757,0.988,0.012,0
2758,0.944,0.056,0
2760,0.592,0.374,0.034
2761,0.916,0.066,0.018
2762,0.236,0.764,0
2763,0.91,0.09,0
2764,0.926,0.064,0.01
2766,0.264,0.736,0
2767,0.714,0.248,0.038
2769,0.832,0.154,0.014
2771,0.92,0.028,0.052
2772,0.66,0.12,0.22
2775,0.974,0.026,0
2776,0.986,0.014,0
2778,0.996,0.004,0
2779,0.938,0.062,0
2780,0.988,0.012,0
2782,0.272,0.126,0.602
2785,0.736,0.256,0.008
2788,0.368,0.632,0
2789,1,0,0
2790,0.986,0.008,0.006
2791,0.018,0.112,0.87
2794,0.852,0.13,0.018
2795,0.746,0.216,0.038
2796,0.104,0.266,0.63
2797,0.37,0.59,0.04
2799,0.15,0.842,0.008
2800,0.506,0.494,0
2801,0.374,0.626,0
2805,0.42,0.58,0
2806,0.754,0.246,0
2809,0.466,0.072,0.462
2810,0.742,0.23,0.028
2811,0.086,0.884,0.03
2812,0.27,0.71,0.02
2813,1,0,0
2814,0.63,0.322,0.048
2818,0.934,0.066,0
2819,0.382,0.494,0.124
2820,0.452,0.536,0.012
2821,1,0,0
2822,0.972,0.028,0
2825,0.3,0.462,0.238
2826,0.93,0.07,0
2828,0.57,0.422,0.008
2830,0.878,0.122,0
2833,0.892,0.108,0
2834,0.57,0.386,0.044
2837,0.642,0.358,0
2838,0.81,0.164,0.026
2841,0.888,0.112,0
2843,0.814,0.046,0.14
2844,0.87,0.106,0.024
2847,0.13,0.87,0
2849,0.854,0.034,0.112
2850,0.654,0.056,0.29
2851,0.412,0.572,0.016
2853,0.952,0.006,0.042
2855,0.234,0.66,0.106
2856,0.934,0.066,0
2858,0.954,0.044,0.002
2862,0.146,0.196,0.658
2863,0.514,0.482,0.004
2868,0.216,0.784,0
2869,0.984,0.016,0
2870,0.986,0.014,0
2871,0.998,0.002,0
2872,0.192,0.806,0.002
2873,0.986,0.014,0
2874,0.114,0.354,0.532
2875,0.814,0.186,0
2877,0.912,0.07,0.018
2881,0.928,0.072,0
2882,0.928,0.072,0
2883,0.876,0.124,0
2885,0.43,0.56,0.01
2886,0.97,0.03,0
2887,0.428,0.572,0
2888,0.992,0.008,0
2889,0.986,0.014,0
2890,0.724,0.276,0
2893,0.7,0.196,0.104
2895,0.576,0.408,0.016
2898,0.078,0.084,0.838
2900,0.674,0.326,0
2901,0.782,0.218,0
2902,0.278,0.688,0.034
2904,0.93,0.07,0
2905,0.41,0.554,0.036
2910,0.862,0.124,0.014
2911,0.856,0.142,0.002
2912,0.074,0.318,0.608
2913,0.9,0.1,0
2914,0.604,0.212,0.184
2916,0.976,0.022,0.002
2919,0.994,0.006,0
2921,0.982,0.018,0
2922,0.092,0.814,0.094
2924,0.79,0.206,0.004
2927,0.764,0.154,0.082
2928,0.024,0.934,0.042
2930,0.462,0.316,0.222
2933,0.954,0.046,0
2934,1,0,0
2935,0.832,0.166,0.002
2936,0.018,0.08,0.902
2938,0.39,0.576,0.034
2939,0.164,0.058,0.778
2941,0.504,0.268,0.228
2944,0.996,0.002,0.002
2948,0.58,0.418,0.002
2949,0.338,0.586,0.076
2950,0.986,0.014,0
2951,0.866,0.134,0
2953,0.236,0.756,0.008
2955,0.252,0.73,0.018
2957,0.736,0.258,0.006
2958,0.96,0.04,0
2959,0.594,0.372,0.034
2960,0.712,0.214,0.074
2961,0.894,0.106,0
2962,0.964,0.036,0
2964,0.016,0.032,0.952
2967,0.168,0.214,0.618
2968,1,0,0
2969,0.68,0.32,0
2970,0.472,0.526,0.002
2971,1,0,0
2973,0.326,0.658,0.016
2974,0.834,0.166,0
2976,0.838,0.162,0
2978,0.924,0.076,0
2979,0.998,0,0.002
2981,0.8,0.192,0.008
2982,0.104,0.112,0.784
2984,0.224,0.358,0.418
2985,0.062,0.784,0.154
2986,0.74,0.26,0
2988,0.44,0.56,0
2989,0.63,0.324,0.046
2990,0.548,0.424,0.028
2991,0.106,0.412,0.482
2994,0.052,0.948,0
2995,0.776,0.224,0
2996,0.87,0.062,0.068
2999,0.032,0.886,0.082
3001,0.954,0.046,0
3002,0.976,0.02,0.004
3005,0.442,0.496,0.062
3006,0.966,0.034,0
3007,0.892,0.108,0
3008,0.202,0.794,0.004
3009,0.988,0.008,0.004
3010,0.622,0.262,0.116
3012,0.216,0.782,0.002
3013,0.998,0.002,0
3014,0.988,0.012,0
3015,0.904,0.096,0
3016,0.148,0.706,0.146
3017,0.966,0.03,0.004
3019,0.394,0.518,0.088
3020,0.764,0.234,0.002
3021,0.994,0.006,0
3024,0.682,0.28,0.038
3026,0.976,0.024,0
3029,0.176,0.824,0
3030,0.346,0.644,0.01
3031,0.502,0.308,0.19
3032,0.224,0.626,0.15
3033,0.976,0.024,0
3036,1,0,0
3037,0.992,0.004,0.004
3038,0.676,0.324,0
3039,1,0,0
3040,0.124,0.86,0.016
3041,0.52,0.466,0.014
3044,0.106,0.704,0.19
3045,0.964,0.036,0
3046,0.708,0.292,0
3048,0.616,0.354,0.03
3049,0.886,0.114,0
3050,0.642,0.358,0
3051,0.964,0.026,0.01
3052,0.024,0.3,0.676
3056,0.55,0.172,0.278
3060,0.85,0.15,0
3062,0.998,0.002,0
3065,0.996,0.004,0
3066,0.966,0.034,0
3068,0.146,0.854,0
3069,0.996,0.004,0
3070,0.57,0.428,0.002
3071,0.904,0.096,0
3074,0.862,0.138,0
3075,0.634,0.366,0
3077,0.74,0.21,0.05
3078,0.596,0.11,0.294
3079,0.876,0.124,0
3080,0.186,0.814,0
3082,0.016,0.208,0.776
3083,0.556,0.26,0.184
3084,0.418,0.582,0
3085,0.888,0.11,0.002
3086,0.588,0.412,0
3087,0.338,0.624,0.038
3089,0.986,0.014,0
3090,0.016,0.08,0.904
3093,0.752,0.248,0
3094,0.304,0.276,0.42
3095,0.144,0.854,0.002
3096,0.402,0.598,0
3099,0.93,0.07,0
3102,0.716,0.022,0.262
3103,0.904,0.096,0
3105,0.704,0.296,0
3107,0.842,0.158,0
3108,0.588,0.334,0.078
3109,0.814,0.03,0.156
3110,0.56,0.43,0.01
3114,0.896,0.104,0
3115,0.656,0.326,0.018
3116,0.228,0.726,0.046
3117,0.932,0.068,0
3120,0.886,0.106,0.008
3121,0.972,0.028,0
3123,0.75,0.058,0.192
3124,0.004,0.066,0.93
3125,0.98,0.02,0
3126,0.994,0.006,0
3127,0.974,0.026,0
3128,0.97,0.03,0
3130,0.08,0.92,0
3132,0.644,0.112,0.244
3134,0.134,0.074,0.792
3135,0.452,0.478,0.07
3137,0.078,0.33,0.592
3139,0.644,0.244,0.112
3140,0.07,0.84,0.09
3143,0.998,0.002,0
3144,0.634,0.358,0.008
3145,0.482,0.504,0.014
3146,0.164,0.672,0.164
3147,0.996,0.004,0
3148,0.882,0.116,0.002
3149,0.756,0.234,0.01
3150,0.526,0.474,0
3151,0.72,0.118,0.162
3154,0.978,0.022,0
3156,0.896,0.084,0.02
3157,0.864,0.136,0
3158,0.996,0.002,0.002
3159,0.824,0.176,0
3162,0.236,0.154,0.61
3163,0.84,0.158,0.002
3165,0.18,0.82,0
3168,0.898,0.102,0
3170,0.992,0.008,0
3171,0.958,0.04,0.002
3176,0.498,0.502,0
3177,0.086,0.688,0.226
3178,0.986,0.014,0
3180,0.814,0.186,0
3181,0.748,0.142,0.11
3184,0.836,0.164,0
3186,0.946,0.048,0.006
3187,0.454,0.53,0.016
3188,0.132,0.864,0.004
3191,0.582,0.402,0.016
3193,0.394,0.466,0.14
3194,0.02,0.02,0.96
3196,0.856,0.006,0.138
3197,0.764,0.236,0
3200,0.976,0.024,0
3202,0.548,0.414,0.038
3203,0.984,0.016,0
3204,1,0,0
3205,0.992,0.008,0
3206,0.872,0.124,0.004
3209,0.998,0,0.002
3211,0.984,0.016,0
3213,0.158,0.842,0
3217,0.406,0.594,0
3218,0.448,0.514,0.038
3219,0.962,0.034,0.004
3220,0.838,0.14,0.022
3222,0.678,0.308,0.014
3223,0.988,0.01,0.002
3224,0.746,0.238,0.016
